{
    "ratios": [
        [
            0.2972564565303824,
            0.15851635461747068,
            0.010607813804651247,
            0.2561955516279654,
            0.27742382341953015
        ],
        [
            0.241983928559573,
            0.18017612607115824,
            0.2742349699904637,
            0.10656877664836158,
            0.1970361987304434
        ],
        [
            0.16579911264964126,
            0.12058491281884286,
            0.1767974225048474,
            0.1846941670018126,
            0.35212438502485593
        ],
        [
            0.33194873236810357,
            0.09451076948054195,
            0.14364395916608472,
            0.26143716590574306,
            0.16845937307952677
        ],
        [
            0.26793683323721623,
            0.17058761797178126,
            0.033856724607461794,
            0.3362968331161975,
            0.19132199106734313
        ],
        [
            0.011471718483506319,
            0.5217996095175362,
            0.02109163783827589,
            0.3551703886709546,
            0.09046664548972702
        ],
        [
            0.29285537494924896,
            0.15358177514411125,
            0.016141306866085395,
            0.25345437013628164,
            0.28396717290427287
        ],
        [
            0.08842051242417748,
            0.17784228897381282,
            0.3279641413335771,
            0.3581134158182927,
            0.04765964145013989
        ],
        [
            0.2885976699985992,
            0.1594321687155765,
            0.0424289684738386,
            0.24489223507645325,
            0.2646489577355325
        ],
        [
            0.045426260594848306,
            0.25182962091507954,
            0.2701644252950209,
            0.3489571175623247,
            0.08362257563272658
        ],
        [
            0.3853596756611551,
            0.016524789932047965,
            0.01823835476694618,
            0.18779812177098085,
            0.39207905786887004
        ],
        [
            0.27615922246121993,
            0.16134161870065894,
            0.024839048484486394,
            0.2739495985305043,
            0.26371051182313043
        ],
        [
            0.03547371811875783,
            0.4153383179643243,
            0.03626977327007468,
            0.29198037089855744,
            0.2209378197482857
        ],
        [
            0.3011997567965196,
            0.22457567384605007,
            0.01090615132848469,
            0.19453084598401738,
            0.2687875720449283
        ],
        [
            0.28180768006422513,
            0.14909463284370525,
            0.02852487316696474,
            0.27271088667760907,
            0.2678619272474957
        ],
        [
            0.05459844032355159,
            0.2895359039347626,
            0.14733285433468557,
            0.2656193243165275,
            0.24291347709047267
        ],
        [
            0.3691847572876352,
            0.0412172108783194,
            0.13577819691073997,
            0.15599717728193355,
            0.2978226576413718
        ],
        [
            0.2773538481285067,
            0.1667838822180939,
            0.020668700554563338,
            0.2816563916431938,
            0.25353717745564236
        ],
        [
            0.27424692004413026,
            0.16690222008371333,
            0.020342386742769527,
            0.28159494713938255,
            0.2569135259900043
        ],
        [
            0.33432495646522764,
            0.3649064360428814,
            0.27054971448382553,
            0.021113936802069168,
            0.009104956205996212
        ],
        [
            0.27168952128299817,
            0.3162160985169405,
            0.044683046352908644,
            0.14174752840001179,
            0.22566380544714087
        ],
        [
            0.12603291255420232,
            0.30525677328260337,
            0.06987145189386142,
            0.23513145506579583,
            0.263707407203537
        ]
    ],
    "ratings": [
        1,
        1,
        1,
        2,
        1,
        4,
        3,
        4,
        2,
        2,
        3,
        1,
        2,
        3,
        1,
        1,
        3,
        2,
        0,
        3,
        2,
        0
    ]
}