{
    "ratios": [
        [
            0.2125245943780496,
            0.13672670335189435,
            0.23318550894708842,
            0.2176415217932427,
            0.19992167152972493
        ],
        [
            0.10963859699381245,
            0.2716142712540921,
            0.28940128161678275,
            0.09073823425118048,
            0.23860761588413223
        ],
        [
            0.1670504916604793,
            0.37087808442433345,
            0.1668590810803963,
            0.21002490799458085,
            0.08518743484021024
        ],
        [
            0.4567159429852507,
            0.099966928447549,
            0.13935131656760638,
            0.053621356713845755,
            0.2503444552857483
        ],
        [
            0.3089735791919371,
            0.2712734253041387,
            0.12051683097351272,
            0.01695715774942955,
            0.2822790067809819
        ],
        [
            0.2126927617209054,
            0.13912643811522313,
            0.23185075181529102,
            0.2158905965193798,
            0.2004394518292007
        ],
        [
            0.39268973386123246,
            0.003452415411725645,
            0.02117211761050968,
            0.3500842555285389,
            0.23260147758799327
        ],
        [
            0.21278759012330437,
            0.13566670352792004,
            0.23639436619556373,
            0.2193745575454198,
            0.19577678260779208
        ],
        [
            0.21804981436271278,
            0.1298794807437005,
            0.2242172278704441,
            0.22923765197414012,
            0.1986158250490026
        ],
        [
            0.01654628274307005,
            0.25232203631363387,
            0.28532255639963305,
            0.16440046213046602,
            0.281408662413197
        ],
        [
            0.21426593893305354,
            0.138585569045917,
            0.23283302882973633,
            0.21390897420428528,
            0.20040648898700777
        ],
        [
            0.29113471651906603,
            0.026706463133133213,
            0.2985274002162521,
            0.11485991991486857,
            0.26877150021668017
        ],
        [
            0.2118413377440554,
            0.13733868869670063,
            0.2321569303823459,
            0.2172790981487814,
            0.20138394502811666
        ],
        [
            0.21287778558253279,
            0.13678895440522126,
            0.23257071907461846,
            0.21634684987263597,
            0.20141569106499163
        ],
        [
            0.03908424697852953,
            0.04512851789325839,
            0.2720155220521531,
            0.26829930439420185,
            0.37547240868185716
        ],
        [
            0.3325113196881408,
            0.05168012586823379,
            0.1843393703523511,
            0.24084814341999933,
            0.19062104067127505
        ],
        [
            0.18265244283683535,
            0.3383050043022175,
            0.22621876337619692,
            0.2047517797822778,
            0.04807200970247238
        ],
        [
            0.2041408235518351,
            0.11867824269358135,
            0.24456989854025274,
            0.24527657836291317,
            0.1873344568514177
        ],
        [
            0.21053502946576863,
            0.22768050480851737,
            0.18148349969471841,
            0.16931678271442147,
            0.21098418331657418
        ],
        [
            0.21351762875908425,
            0.14097171470400102,
            0.22079003216436502,
            0.21590778397877952,
            0.2088128403937701
        ],
        [
            0.39364560470241666,
            0.24391622023968024,
            0.20428106470785892,
            0.0011433769185882638,
            0.15701373343145597
        ],
        [
            0.31650899449292,
            0.25544963165513745,
            0.17173328356785966,
            0.20086728687631933,
            0.055440803407763535
        ],
        [
            0.20616187349560566,
            0.14570725228517936,
            0.23231534224585448,
            0.20619244009371715,
            0.20962309187964323
        ],
        [
            0.22240655017103206,
            0.14200373799693,
            0.2343618647120064,
            0.19917132152589737,
            0.20205652559413426
        ],
        [
            0.20276752313085697,
            0.13921648262954492,
            0.235052790350686,
            0.22278399000549748,
            0.2001792138834147
        ],
        [
            0.30073628406249775,
            0.0013391364331297182,
            0.26708006222614356,
            0.301458219163814,
            0.12938629811441488
        ],
        [
            0.21502073145685838,
            0.18587812653072872,
            0.23443831985405753,
            0.20526180342959446,
            0.159401018728761
        ],
        [
            0.20384911292753258,
            0.14282573662220194,
            0.23074329906757518,
            0.22379885041670422,
            0.19878300096598595
        ],
        [
            0.21114127405268537,
            0.16843034739270205,
            0.1466061702425378,
            0.14587449155892035,
            0.3279477167531543
        ],
        [
            0.21488348640603197,
            0.1333081151654925,
            0.23381827275634537,
            0.22071632467114924,
            0.19727380100098085
        ],
        [
            0.20088292111560374,
            0.170472018784577,
            0.2763974590256169,
            0.26407498489735753,
            0.08817261617684487
        ],
        [
            0.14438765129228429,
            0.09618563842535836,
            0.3006364571384864,
            0.3308964652713567,
            0.12789378787251415
        ],
        [
            0.22515015291682766,
            0.07234298673514625,
            0.1720201710743927,
            0.2476555096043279,
            0.2828311796693054
        ],
        [
            0.20802174591811462,
            0.13828031291869347,
            0.22952171731140789,
            0.22653757300230376,
            0.19763865084948035
        ],
        [
            0.23043681471387656,
            0.2677708751746513,
            0.0726237017676439,
            0.24175003802102007,
            0.18741857032280815
        ],
        [
            0.20764890991870924,
            0.14831589790081115,
            0.23324957491920298,
            0.21433807334165342,
            0.19644754391962324
        ],
        [
            0.34764840151939214,
            0.2351195056316638,
            0.14608230248863566,
            0.21695931599156357,
            0.054190474368744954
        ],
        [
            0.21333142054475088,
            0.0602452559196121,
            0.20040685901928104,
            0.3348245103476416,
            0.19119195416871435
        ]
    ],
    "ratings": [
        2,
        4,
        2,
        4,
        4,
        2,
        4,
        1,
        1,
        2,
        1,
        3,
        0,
        2,
        4,
        1,
        4,
        2,
        2,
        4,
        0,
        3,
        1,
        0,
        3,
        4,
        1,
        0,
        0,
        2,
        0,
        1,
        1,
        1,
        0,
        0,
        3,
        2
    ]
}